6.085156250000000000e+01
1.221601562500000000e+02
6.085156250000000000e+01
1.417617187500000000e+02
6.192968750000000000e+01
1.613632812500000000e+02
6.624218750000000000e+01
1.824726562500000000e+02
7.378906250000000000e+01
2.005664062500000000e+02
8.564843750000000000e+01
2.156445312500000000e+02
9.750781250000000000e+01
2.261992187500000000e+02
1.126015625000000000e+02
2.322304687500000000e+02
1.276953125000000000e+02
2.322304687500000000e+02
1.427890625000000000e+02
2.307226562500000000e+02
1.568046875000000000e+02
2.246914062500000000e+02
1.686640625000000000e+02
2.141367187500000000e+02
1.783671875000000000e+02
2.020742187500000000e+02
1.869921875000000000e+02
1.839804687500000000e+02
1.902265625000000000e+02
1.628710937500000000e+02
1.902265625000000000e+02
1.417617187500000000e+02
1.902265625000000000e+02
1.206523437500000000e+02
6.839843750000000000e+01
1.100976562500000000e+02
7.810156250000000000e+01
1.002968750000000000e+02
9.050000000000000000e+01
9.954296875000000000e+01
1.034375000000000000e+02
1.002968750000000000e+02
1.142187500000000000e+02
1.033125000000000000e+02
1.390156250000000000e+02
1.040664062500000000e+02
1.503359375000000000e+02
1.018046875000000000e+02
1.627343750000000000e+02
1.018046875000000000e+02
1.740546875000000000e+02
1.018046875000000000e+02
1.848359375000000000e+02
1.100976562500000000e+02
1.276953125000000000e+02
1.176367187500000000e+02
1.276953125000000000e+02
1.296992187500000000e+02
1.287734375000000000e+02
1.402539062500000000e+02
1.287734375000000000e+02
1.508085937500000000e+02
1.147578125000000000e+02
1.613632812500000000e+02
1.212265625000000000e+02
1.628710937500000000e+02
1.287734375000000000e+02
1.628710937500000000e+02
1.352421875000000000e+02
1.628710937500000000e+02
1.417109375000000000e+02
1.613632812500000000e+02
8.133593750000000000e+01
1.206523437500000000e+02
8.780468750000000000e+01
1.146210937500000000e+02
1.018203125000000000e+02
1.146210937500000000e+02
1.082890625000000000e+02
1.206523437500000000e+02
1.018203125000000000e+02
1.236679687500000000e+02
8.780468750000000000e+01
1.236679687500000000e+02
1.438671875000000000e+02
1.206523437500000000e+02
1.514140625000000000e+02
1.146210937500000000e+02
1.665078125000000000e+02
1.161289062500000000e+02
1.729765625000000000e+02
1.221601562500000000e+02
1.665078125000000000e+02
1.251757812500000000e+02
1.514140625000000000e+02
1.236679687500000000e+02
9.966406250000000000e+01
1.854882812500000000e+02
1.115234375000000000e+02
1.824726562500000000e+02
1.233828125000000000e+02
1.809648437500000000e+02
1.276953125000000000e+02
1.824726562500000000e+02
1.320078125000000000e+02
1.809648437500000000e+02
1.438671875000000000e+02
1.824726562500000000e+02
1.546484375000000000e+02
1.854882812500000000e+02
1.471015625000000000e+02
1.930273437500000000e+02
1.384765625000000000e+02
1.975507812500000000e+02
1.287734375000000000e+02
1.990585937500000000e+02
1.179921875000000000e+02
1.975507812500000000e+02
1.093671875000000000e+02
1.930273437500000000e+02
1.018203125000000000e+02
1.854882812500000000e+02
1.158359375000000000e+02
1.885039062500000000e+02
1.287734375000000000e+02
1.885039062500000000e+02
1.406328125000000000e+02
1.885039062500000000e+02
1.535703125000000000e+02
1.854882812500000000e+02
1.406328125000000000e+02
1.869960937500000000e+02
1.287734375000000000e+02
1.885039062500000000e+02
1.147578125000000000e+02
1.885039062500000000e+02
